HD186427       2453927.95589    -25.63   1.02  0.1324  0.03119  94656   41 
HD186427       2453927.95689    -24.74   1.09  0.1320  0.03126  94048   41 
HD186427       2453927.95786    -24.56   1.09  0.1300  0.03118  95379   40 
HD186427       2453982.91443    -21.89   1.18  0.1328  0.03099  93215   39 
HD186427       2453982.91538    -21.93   1.15  0.1329  0.03105  91714   39 
HD186427       2453982.91645    -24.63   1.19  0.1351  0.03103  91648   37 
HD186427       2453983.80039    -21.05   1.29  0.1380  0.03111  94181   38 
HD186427       2453983.80135    -19.04   1.04  0.1381  0.03107  92056   38 
HD186427       2453983.80230    -15.87   1.19  0.1423  0.03110  93558   37 
HD186427       2454085.73507     -2.15   1.29  0.1626  0.03099  72373  100 
HD186427       2454085.73711     -2.62   1.31  0.1580  0.03109  72690  141 
HD186427       2454085.73900     -2.88   1.35  0.1620  0.03104  72128  118 
HD186427       2454642.00590    -37.30   1.20  0.1389  0.03110  45878   30 
HD186427       2454805.68513    -12.25   1.34  0.1425  0.03103  43717   22 
HD186427       2454806.68567    -11.86   1.26  0.1437  0.03095  43947   23 
HD186427       2454807.68644     -9.31   1.48  0.1400  0.03105  43696   27 
HD186427       2454808.70998    -12.24   1.40  0.1434  0.03110  45276   20 
HD186427       2454809.71638    -12.87   1.39  0.1470  0.03099  43094   94 
HD186427       2454810.68159    -11.15   1.31  0.1423  0.03106  45848   27 
HD186427       2454930.09950      3.48   1.34  0.1420  0.03099  45025   45 
HD186427       2454957.10598      6.12   1.40  0.1458  0.03100  46332   23 
HD186427       2454984.00006      7.34   1.34  0.1424  0.03103  47079   26 
HD186427       2454985.07815      7.96   1.44  0.1435  0.03107  46298   20 
HD186427       2454995.12298      4.54   1.40  0.1433  0.03101  48326   23 
HD186427       2455014.87411      8.31   1.28  0.1437  0.03094  47785   21 
HD186427       2455016.02674      5.95   1.29  0.1413  0.03101  48323   21 
HD186427       2455016.87748      5.31   1.19  0.1436  0.03101  47156   19 
HD186427       2455019.05096      9.79   1.22  0.1422  0.03104  47966   40 
HD186427       2455042.03868     15.11   1.39  0.1460  0.03097  46789   24 
HD186427       2455045.73703     14.19   1.47  0.1435  0.03103  47091   57 
HD186427       2455075.04363     14.22   1.44  0.1809  0.03102  48694   32 
HD186427       2455075.76184     10.18   1.39  0.1433  0.03101  50930   19 
HD186427       2455078.02005     21.14   1.49  0.1770  0.03092  48589   27 
HD186427       2455080.96875     16.53   1.35  0.1457  0.03100  47735   30 
HD186427       2455083.01400     17.08   1.39  0.1752  0.03088  49278   34 
HD186427       2455135.84087     22.28   1.40  0.1515  0.03094  47613   42 
HD186427       2455170.68591     29.51   1.40  0.1463  0.03095  46180   31 
HD186427       2455172.68506     33.96   1.41  0.1416  0.03105  48051   25 
HD186427       2455173.68902     29.74   1.34  0.1562  0.03094  46276   26 
HD186427       2455256.17039     47.23   1.15  0.1447  0.03102  50111   23 
HD186427       2455257.17127     48.61   1.34  0.1403  0.03092  49147   30 
HD186427       2455261.16706     48.40   1.26  0.1420  0.03095  48469   22 
HD186427       2455312.13303     56.61   1.31  0.1424  0.03089  46438   28 
HD186427       2455313.13294     49.95   1.32  0.1421  0.03095  48998   18 
HD186427       2455344.92591     -9.11   1.34  0.1474  0.03090  48876   37 
HD186427       2455350.96038    -26.48   1.34  0.1457  0.03093  49102   24 
HD186427       2455400.02661    -48.85   1.28  0.1409  0.03100  49249   24 
HD186427       2455404.95377    -41.98   1.27  0.1439  0.03106  47448   49 
HD186427       2455634.14770    -11.06   1.31  0.1364  0.03099  48980   22 
HD186427       2455634.14846    -15.47   1.17  0.1388  0.03094  50427   23 
HD186427       2455634.14921    -15.97   1.16  0.1375  0.03099  48997   22 
HD186427       2455636.16030    -11.10   1.19  0.1464  0.03099  48757   23 
HD186427       2455636.16108    -12.57   1.25  0.1460  0.03093  49870   22 
HD186427       2455636.16183    -14.71   1.21  0.1439  0.03092  47604   20 
HD186427       2455637.13728     -9.26   1.13  0.1461  0.03099  48933   27 
HD186427       2455637.13816     -9.39   1.18  0.1466  0.03088  49336   31 
HD186427       2455637.13903    -12.94   1.18  0.1446  0.03097  49853   31 
HD186427       2455669.14462     -8.96   1.30  0.1320  0.03092  47741   28 
HD186427       2455669.14546     -5.88   1.22  0.1310  0.03088  48643   31 
HD186427       2455669.14642     -7.58   1.31  0.1326  0.03083  46479   52 
HD186427       2455671.13609     -8.39   1.26  0.1364  0.03087  48471   24 
HD186427       2455671.13687     -8.59   1.18  0.1346  0.03092  48318   24 
HD186427       2455671.13765     -9.79   1.33  0.1366  0.03091  47059   23 
HD186427       2455708.07171      1.20   1.28  0.1459  0.03107  48804   24 
HD186427       2455708.07260     -0.06   1.37  0.1444  0.03105  46273   39 
HD186427       2455708.07360      1.69   1.38  0.1486  0.03100  47078   43 
HD186427       2455729.11318     -1.33   1.30  0.1521  0.03101  47132  151 
HD186427       2455731.92675      4.87   1.35  0.1424  0.03091  47166  208 
HD186427       2455750.90142      3.99   1.11  0.1422  0.03109  75923  111 
HD186427       2455750.90329      5.18   1.19  0.1416  0.03104  75615   98 
HD186427       2455750.90478      3.95   1.13  0.1403  0.03106  74350   96 
HD186427       2455750.91637      0.51   1.11  0.1435  0.03106  75830  145 
HD186427       2455750.91833      1.64   1.08  0.1424  0.03102  76374  130 
HD186427       2455781.72794     -0.56   1.33  0.1402  0.03092  48375   18 
HD186427       2455782.82615      3.01   1.29  0.1428  0.03104  47750   30 
HD186427       2455785.99435      6.21   1.69  0.1510  0.03104  25190   36 
HD186427       2455787.72564      3.15   1.23  0.1409  0.03103  48604   19 
HD186427       2455788.72404      3.91   1.31  0.1401  0.03103  49514   18 
HD186427       2455790.72157      2.51   1.15  0.1403  0.03089  47530   19 
HD186427       2455791.72306      2.56   1.31  0.1417  0.03096  48193   21 
HD186427       2455795.79500      0.00   1.36  0.1353  0.03101  46395  356 
HD186427       2455806.72206      6.21   1.36  0.1501  0.03093  49014   41 
HD186427       2455807.71638      6.97   1.29  0.1306  0.03087  47031   29 
HD186427       2455810.71657      2.91   1.39  0.1420  0.03089  49989   18 
HD186427       2455825.85041     12.39   1.33  0.1417  0.03090  77266   38 
HD186427       2455825.85138     11.37   1.28  0.1408  0.03093  76628   39 
HD186427       2455825.85234     12.17   1.32  0.1408  0.03093  76707   41 
HD186427       2455825.85331     10.35   1.23  0.1417  0.03089  76932   38 
HD186427       2455840.82547     14.36   1.34  0.1421  0.03098  76907   47 
HD186427       2455840.82649     14.19   1.37  0.1431  0.03098  75973   47 
HD186427       2455840.82759     12.19   1.20  0.1416  0.03094  76063   51 
HD186427       2455840.82867     11.59   1.28  0.1436  0.03098  77551   41 
HD186427       2455901.68127     14.61   1.32  0.1393  0.03083  48647   20 
HD186427       2455903.68024     19.27   1.36  0.1337  0.03088  49414   23 
HD186427       2455995.16478     37.85   1.24  0.1464  0.03101  46721   25 
HD186427       2455995.16558     36.72   1.16  0.1443  0.03097  48110   24 
HD186427       2455995.16635     29.55   1.24  0.1452  0.03100  49593   24 
HD186427       2456019.15719     37.87   1.38  0.1072  0.03085  46885   40 
HD186427       2456019.15827     42.09   1.26  0.1120  0.03080  47785   35 
HD186427       2456019.15919     36.24   1.52  0.1062  0.03071  44796   35 
HD186427       2456020.15590     35.34   1.21  0.1349  0.03097  47961   20 
HD186427       2456020.15666     39.89   1.26  0.1368  0.03097  49422   20 
HD186427       2456020.15740     39.54   1.19  0.1375  0.03100  47547   20 
HD186427       2456025.11026     38.89   1.19  0.1474  0.03098  75627  217 
HD186427       2456074.12833     59.41   1.43  0.0986  0.03077  47901   39 
HD186427       2456074.12927     57.49   1.37  0.1094  0.03085  47495   35 
HD186427       2456074.13015     56.30   1.39  0.1311  0.03095  47865   29 
HD186427       2456105.12858     58.69   1.21  0.1209  0.03082  47117   35 
HD186427       2456105.12947     61.26   1.32  0.1378  0.03082  47048   31 
HD186427       2456105.13035     59.49   1.34  0.1277  0.03081  46707   32 
HD186427       2456112.02925     58.44   1.25  0.1499  0.03098  48815   24 
HD186427       2456112.03002     56.94   1.23  0.1436  0.03087  49858   21 
HD186427       2456112.03079     57.56   1.30  0.1463  0.03095  48301   20 
HD186427       2456113.02255     52.74   1.21  0.1419  0.03096  50015   19 
HD186427       2456113.02337     53.90   1.28  0.1436  0.03102  47949   18 
HD186427       2456113.02413     58.00   1.27  0.1399  0.03098  48854   22 
HD186427       2456113.80204     54.99   1.19  0.1459  0.03095  50932   27 
HD186427       2456113.80282     53.99   1.22  0.1502  0.03096  49600   23 
HD186427       2456113.80370     58.89   1.14  0.1455  0.03098  51111   36 
HD186427       2456114.82344     55.16   1.19  0.1439  0.03101  47917   54 
HD186427       2456114.82450     53.99   1.22  0.1479  0.03093  48665   41 
HD186427       2456114.82550     56.34   1.16  0.1451  0.03095  47943   47 
HD186427       2456116.01124     52.47   1.14  0.1455  0.03096  48538   16 
HD186427       2456116.01193     45.77   1.31  0.1467  0.03099  49257   16 
HD186427       2456116.01265     45.77   1.17  0.1462  0.03099  49263   16 
HD186427       2456134.10531     17.70   1.27  0.1540  0.03091  49002   28 
HD186427       2456134.10615     18.50   1.23  0.1510  0.03091  47377   28 
HD186427       2456134.10696     20.76   1.27  0.1535  0.03094  49054   26 
HD186427       2456134.93406     15.24   1.21  0.1453  0.03106  50178   19 
HD186427       2456134.93479     17.96   1.30  0.1448  0.03107  48357   18 
HD186427       2456134.93551     15.77   1.24  0.1447  0.03104  49341   18 
HD186427       2456137.94517      8.85   1.19  0.1442  0.03107  51740   22 
HD186427       2456137.94594     12.13   1.35  0.1451  0.03113  48120   23 
HD186427       2456137.94670      8.80   1.22  0.1461  0.03107  50360   23 
HD186427       2456138.94462      0.69   1.28  0.1443  0.03106  48635   22 
HD186427       2456138.94537      4.79   1.18  0.1428  0.03098  50792   21 
HD186427       2456138.94611      3.91   1.16  0.1418  0.03104  48659   19 
HD186427       2456141.05633     -3.18   1.27  0.1471  0.03098  48383   25 
HD186427       2456141.05713     -1.13   1.22  0.1484  0.03100  48734   24 
HD186427       2456141.05791     -1.76   1.38  0.1462  0.03101  47937   24 
HD186427       2456144.10982     -5.37   1.42  0.1621  0.03112  48760   35 
HD186427       2456144.11074     -7.33   1.43  0.1731  0.03108  49706   36 
HD186427       2456144.11169     -9.95   1.37  0.1685  0.03109  49334   39 
HD186427       2456145.04549    -14.21   1.32  0.1407  0.03112  49450   21 
HD186427       2456145.04625    -14.45   1.35  0.1447  0.03111  49851   21 
HD186427       2456145.04700    -12.57   1.38  0.1441  0.03110  50522   21 
HD186427       2456146.96016    -18.69   1.35  0.1499  0.03098  48804   20 
HD186427       2456146.96091    -15.97   1.37  0.1444  0.03101  48542   20 
HD186427       2456146.96167    -17.00   1.29  0.1488  0.03102  48269   19 
HD186427       2456147.76282    -22.81   1.26  0.1376  0.03103  48814   24 
HD186427       2456147.76360    -22.14   1.27  0.1338  0.03096  49092   24 
HD186427       2456147.76439    -21.14   1.29  0.1366  0.03095  48885   23 
HD186427       2456148.80249    -21.64   1.35  0.1395  0.03103  48177   45 
HD186427       2456148.80351    -22.99   1.30  0.1424  0.03100  47098   47 
HD186427       2456148.80477    -19.18   1.39  0.1448  0.03095  47010   88 
HD186427       2456152.07152    -21.47   1.25  0.1482  0.03100  48475   29 
HD186427       2456152.07240    -23.48   1.31  0.1534  0.03098  49729   37 
HD186427       2456152.07332    -26.20   1.29  0.1545  0.03101  50749   34 
HD186427       2456153.09488    -28.13   1.42  0.1628  0.03099  48848   62 
HD186427       2456153.09621    -29.23   1.43  0.1483  0.03097  49560   74 
HD186427       2456153.09755    -31.25   1.32  0.1574  0.03102  48534   67 
HD186427       2456153.99999    -30.17   1.41  0.1481  0.03095  48913   39 
HD186427       2456154.00228    -29.66   1.36  0.1436  0.03090  48175   53 
HD186427       2456154.00332    -26.53   1.33  0.1458  0.03094  49909   36 
HD186427       2456164.06588    -42.21   1.53  0.1596  0.03103  48900   32 
HD186427       2456164.06676    -42.60   1.34  0.1489  0.03098  49072   35 
HD186427       2456164.06770    -37.97   1.40  0.1607  0.03098  49075   37 
HD186427       2456165.05292    -43.34   1.43  0.1555  0.03092  50179   86 
HD186427       2456165.05431    -43.70   1.43  0.1546  0.03094  51323   61 
HD186427       2456165.05547    -41.41   1.37  0.1635  0.03094  50512   54 
HD186427       2456167.03057    -41.91   1.45  0.1650  0.03090  50407   26 
HD186427       2456167.03137    -44.94   1.37  0.1789  0.03087  49487   26 
HD186427       2456167.03220    -44.55   1.40  0.1748  0.03093  49923   27 
HD186427       2456172.02269    -42.97   1.35  0.1624  0.03089  47712   38 
HD186427       2456172.02387    -45.44   1.33  0.1649  0.03092  48141   85 
HD186427       2456172.02528    -46.04   1.40  0.1653  0.03092  47595   59 
HD186427       2456452.03454     -8.74   1.25  0.1515  0.03105  47819   56 
HD186427       2456452.03575     -2.02   1.36  0.1516  0.03109  46940   79 
HD186427       2456452.03765     -7.47   1.31  0.1512  0.03108  47241  131 
HD186427       2456475.11509     -2.92   1.18  0.1487  0.03093  50717   24 
HD186427       2456475.11588     -0.52   1.31  0.1515  0.03096  49941   23 
HD186427       2456475.11667     -4.04   1.23  0.1499  0.03094  50701   26 
HD186427       2456477.93211     -6.88   1.24  0.1501  0.03095  47284   18 
HD186427       2456477.93285     -5.83   1.17  0.1495  0.03101  50426   19 
HD186427       2456477.93358     -4.54   1.22  0.1501  0.03091  49127   19 
HD186427       2456494.90034    -10.88   1.14  0.1394  0.03102  46971   88 
HD186427       2456506.84803    -10.78   1.23  0.1412  0.03111  49208   16 
HD186427       2456506.84874     -8.67   1.30  0.1438  0.03114  50918   17 
HD186427       2456506.84946     -9.57   1.21  0.1393  0.03110  50485   17 
HD186427       2456507.77289     -4.39   1.33  0.1412  0.03101  47408  353 
HD186427       2456512.75744     -2.70   1.36  0.1486  0.03099  48333   21 
HD186427       2456513.76121     -1.34   1.20  0.1397  0.03109  48612   19 
HD186427       2456518.72972     -1.82   1.43  0.0838  0.03058  45697   43 
HD186427       2456519.86615     -0.17   1.37  0.1468  0.03110  48388   40 
HD186427       2456521.90742      0.71   1.43  0.1424  0.03104  50492   21 
HD186427       2456522.91714     -3.32   1.28  0.1465  0.03109  50082   22 
HD186427       2456524.01965     -4.39   1.39  0.1523  0.03098  49113   43 
HD186427       2456524.73638     -4.25   1.31  0.1357  0.03110  51964   26 
HD186427       2456526.03997     -0.87   1.39  0.1843  0.03104  51219   28 
HD186427       2456529.73299     -1.02   1.35  0.1484  0.03102  48701   97 
HD186427       2456530.72736      1.66   1.49  0.0528  0.03037  45543   53 
HD186427       2456531.73009      1.21   1.34  0.1440  0.03104  50117   24 
HD186427       2456532.72527     -2.68   1.35  0.1422  0.03093  50262   23 
HD186427       2456533.95601     -6.92   1.27  0.1411  0.03087  49041   19 
HD186427       2456710.17595     18.15   1.22  0.1478  0.03103  47746   24 
HD186427       2456710.17678     18.97   1.21  0.1407  0.03099  48543   28 
HD186427       2456710.17764     21.64   1.22  0.1380  0.03102  48573   30 
HD186427       2456828.12509     44.28   1.18  0.1436  0.03088  47790   22 
HD186427       2456828.12587     42.21   1.24  0.1422  0.03089  50856   23 
HD186427       2456828.12664     41.40   1.31  0.1395  0.03090  47156   22 
